time,x,y,z,phi,theta,psi,x_velocity,y_velocity,z_velocity,phi_velocity,theta_velocity,psi_velocity,rotor_speed1,rotor_speed2,rotor_speed3,rotor_speed4
0.06,-2.1991302152115673e-07,-1.0104614793735987e-07,10.005901834731427,6.282934301103804,0.00019648128953342336,0.0,-1.956721053983789e-05,-1.6002570492973554e-05,0.1967137531553978,-0.01424081429657214,0.009129861971061982,0.0,466.89608225931767,467.60765673353023,466.4610320594481,465.3478895240754
0.12000000000000001,-9.081718049061203e-06,-1.0767125121151474e-05,10.023702672309826,6.282049224745563,0.001209757581824178,0.0,-0.00037085610196624375,-0.0004410823047015863,0.3965987361425437,-0.015792209354179843,0.02908507095413142,0.0,466.2883026041478,467.8442758355519,468.1576726634924,468.03708331389925
0.18,-5.8250177288885544e-05,-5.9711875372864606e-05,10.046982351800343,6.280715284485549,0.003553010885389618,0.0,-0.001445483987557606,-0.0012828519184284544,0.37939615996505116,-0.03998997542006645,0.05386952243464269,0.0,396.5265089305975,398.79735356394553,399.74275544382704,397.5317674010958
0.23999999999999996,-0.0002265318852650983,-0.00019404333631297405,10.071742702193296,6.278156050394891,0.006715358464777665,0.0,-0.004474213456206182,-0.0034348123482748714,0.44592251465755706,-0.04859748462273875,0.05027135597480907,0.0,426.5729505055907,426.2675686344752,426.5785879471334,425.84194578565916
0.3,-0.0006876572410279771,-0.0005443407179794706,10.107028949570884,6.276132615348651,0.010839681263359324,0.0,-0.011375542290710902,-0.00854735269095521,0.7301421229023166,-0.013972727796700736,0.09149731006307522,0.0,490.5314975682469,493.58563852902466,490.96315426971137,493.5244558259812
0.36000000000000004,-0.0016259581345511402,-0.00121254271045873,10.154738010605856,6.27533472704577,0.01648210219534718,0.0,-0.020493001106437942,-0.013812396206755206,0.8600624306786085,-0.01198201855190536,0.09869154600860043,0.0,446.729948935988,447.32352238484265,446.6536039627453,446.81602136553795
0.4200000000000001,-0.0031467268830692226,-0.0021728783032491186,10.2052110653537,6.275010335918733,0.023001727263418204,0.0,-0.030711747726065473,-0.018239506856385732,0.8223909074630656,0.005265763552472697,0.12346813787404806,0.0,390.9389456803334,393.2522425902745,390.3019954395359,391.9082892177482
0.48000000000000015,-0.00554728631316604,-0.0034503168638893023,10.259751207505301,6.27667248499329,0.03091012886606137,0.0,-0.05017191252591835,-0.024207255674826123,0.9954571956050713,0.0533252549142687,0.14470890197881905,0.0,459.6751930951071,461.37010410154375,458.1466058270881,461.9516252437242
0.5400000000000001,-0.009314511767017829,-0.005040495396943356,10.32509159714391,6.2794568720406865,0.03933000332336345,0.0,-0.07638101365608814,-0.028447047434429603,1.18234878244922,0.02664000387046319,0.12971359721106232,0.0,465.1325308313611,463.97407604661805,466.08122505157127,463.99228391845264
0.6000000000000002,-0.014726952843800897,-0.006817046258569931,10.398705385391134,6.281152079312896,0.04664152806866806,0.0,-0.10479609749082174,-0.03060545840497082,1.2713160086318567,0.03129897420559305,0.09754792576678706,0.0,436.46145001122426,433.78210386149215,434.6649145110829,435.0553728811838
0.6600000000000003,-0.022021598411208144,-0.008688984894781556,10.47840728308965,6.282967518666577,0.052192972191687836,0.0,-0.13894886878590343,-0.03160001500676881,1.3852515380553974,0.02808850638193542,0.07988509976852123,0.0,443.73380723649814,442.2887446819496,443.4826112201476,443.219157170079
0.7200000000000003,-0.031556587526197534,-0.010582881421518775,10.566409704549887,0.0014943294675608954,0.05700646745959226,0.0,-0.17940815314587832,-0.03134090197579073,1.5479241187328394,0.029414101712239786,0.08089563614560981,0.0,459.0389200268966,459.1240504522236,458.01985717920456,458.1254601685923
0.7800000000000004,-0.04368791636940914,-0.012420492715449035,10.665201054015577,0.003214225068408183,0.0616208474500759,0.0,-0.22550649022340535,-0.02971068526372263,1.7448036596832672,0.027123080316000667,0.06741962763231514,0.0,470.00052712543027,468.95930604839094,469.321552300701,469.1438980155999
0.8400000000000004,-0.058480006908240956,-0.014132186437641135,10.772420786580193,0.004870805867901673,0.06589587781334938,0.0,-0.2679716738940721,-0.027182711596344816,1.8290241276125472,0.028565394615308298,0.07797924030139294,0.0,435.8076611126423,436.69329595700015,434.3454804307195,434.46662598337105
0.9000000000000005,-0.07601528805456523,-0.015649485421959375,10.886281174817487,0.007139689839465113,0.07055178049509347,0.0,-0.31702562769084675,-0.02317649442613013,1.966054010891049,0.051808016422336456,0.0768260314810122,0.0,451.8023599420782,451.71405866407713,451.870048217776,453.7403339412144
0.9600000000000005,-0.09684928356934898,-0.01684403312279151,11.011907615238748,0.010748573698329267,0.0750231563292525,0.0,-0.3779773645812349,-0.016221602085344688,2.2209790494261736,0.07305881979646237,0.06946837025476721,0.0,487.8013827933003,487.25546732607444,487.35713142274363,488.944923674433
1.0200000000000005,-0.12143414977197785,-0.017527484418666382,11.152584670307757,0.014728177040765011,0.07892566773759402,0.0,-0.441983860135679,-0.0060425855033414706,2.4676987312018026,0.04737242730310381,0.0542682915807281,0.0,487.8516851933357,486.7181238884961,486.7456984847768,484.82239734024824
1.0800000000000005,-0.1496378516761341,-0.017566827577005215,11.304092167805752,0.018473907443731008,0.08216358141290048,0.0,-0.49846058214572103,0.005080290662056684,2.582253368310224,0.08234135061165922,0.053352346349584835,0.0,448.7117559522458,448.63929498871124,446.2332650618405,449.08120220840283
1.1400000000000006,-0.18141753845417397,-0.016825409757770863,11.46389364217223,0.02311111920795561,0.08503611831964264,0.0,-0.5611758121120206,0.02016048746896997,2.7440324230967303,0.06454583084155675,0.03371176389021581,0.0,463.3972247189695,461.8520111554388,464.655925172801,463.2631457389741
1.2000000000000006,-0.216679828116432,-0.015174185665986663,11.629410118425536,0.02696988989032789,0.08706274671474823,0.0,-0.614418036850598,0.035231655245969155,2.7730745568486577,0.06384298261445281,0.03390754497141643,0.0,421.97618535094483,421.9936130946966,422.56775465504137,422.51042730064086
1.2600000000000007,-0.25572823343256423,-0.012372293471410873,11.802967459627649,0.031228664599002087,0.0888914931603697,0.0,-0.6873860852356225,0.05864572792062427,3.0115145074457694,0.08238211623063411,0.02254823096796707,0.0,487.5733701794693,486.72419751431175,486.1141744579472,487.5046882774336
1.3200000000000007,-0.29842162976733055,-0.008334828107146856,11.982135638868856,0.03591012240405256,0.09002227690770415,0.0,-0.7358463422049535,0.07632511421993901,2.960855582248318,0.06745878906247568,0.010165630807305242,0.0,397.52655018447734,396.39022353877823,397.228005907234,395.86266652123925
1.3800000000000008,-0.3442618499116133,-0.003073985947120423,12.160706787302558,0.03997283814712915,0.09065183992341197,0.0,-0.7922190692523743,0.09940453341934105,2.9913996897427464,0.06821320778435269,0.011138991558136805,0.0,423.8858668637275,423.96938760635663,424.52556249390824,424.5939695835035
1.4400000000000008,-0.39331252895107516,0.0035644881489543903,12.339066693119015,0.04449114747554184,0.09104009621309128,0.0,-0.8428672304721445,0.12223515496214568,2.9539940735818555,0.0866494928968495,-0.005049425214221612,0.0,402.2001740887609,400.7312079637165,400.5814679320544,402.2595198252171
1.5000000000000009,-0.44617468322564147,0.012031868886833412,12.52356579584827,0.04960550182361967,0.09018113920255821,0.0,-0.9191043301297529,0.16061415391205622,3.1952779257387256,0.08226010770732042,-0.04879166353183503,0.0,490.5102749137587,487.250959514909,489.399505527844,489.0779260496104
1.560000000000001,-0.5031673767964757,0.022695985762038053,12.717938300944727,0.05471401797759068,0.08835090028695625,0.0,-0.9804187699531034,0.1953476607291009,3.2835294505986248,0.09035583246354942,-0.00788158539169479,0.0,442.56113421220675,445.91511765843944,444.4160179218698,445.0850326582939
1.620000000000001,-0.5640142244709457,0.035677474633246414,12.91988077410629,0.05956194232480705,0.08775154409877572,0.0,-1.047720186521403,0.23793306658623725,3.447347270377646,0.04306793510163921,-0.014578395938135147,0.0,469.61404639275804,469.0944184800057,469.1523312063347,465.47038975330565
1.680000000000001,-0.6286953623539362,0.05117993077789529,13.129468201397646,0.062090758017945724,0.08662120225857173,0.0,-1.1082085486510513,0.27905464658167434,3.538588198015064,0.04023874401666254,-0.02912221870216722,0.0,448.1070561639381,446.9231942933513,446.96484275752243,446.7351495544638
1.740000000000001,-0.696929827877334,0.06916215861379771,13.343915040888957,0.06429539809357543,0.08487384686511046,0.0,-1.166100348784296,0.3205643412668326,3.609394604954157,0.02863406894234653,-0.029123332242852084,0.0,441.0277280711476,441.02738048529187,442.2121411043282,441.25575113900095
1.8000000000000012,-0.7684372326203104,0.08954642529336053,13.56060621113165,0.06598255391123775,0.08352950122750524,0.0,-1.2173629375547923,0.35905808620711366,3.613612847364496,0.02706941996649819,-0.011546528440391217,0.0,420.11559419219515,421.6368601556785,419.60641814923576,419.4708169788007
1.8600000000000012,-0.843191107000247,0.11241891147624308,13.779789518567474,0.06798116560850609,0.08286481988941752,0.0,-1.2743617946290375,0.4035193950173248,3.69221071988433,0.04353130123739837,-0.010157102576553934,0.0,445.20960252283845,445.32340119096386,442.96054942694286,444.31272887897995
1.9200000000000013,-0.9213139325801034,0.13796795646753135,14.003182751160796,0.07101299437203767,0.08192812160065,0.0,-1.3296623658701554,0.4483725699269447,3.753986709013461,0.06175657821308729,-0.029703986719528105,0.0,441.25341374705187,439.6367451291461,438.25634451263767,439.7702696005854
1.9800000000000013,-1.003073698855678,0.16656542602666394,14.23438688576659,0.07452996789300315,0.08040069074704448,0.0,-1.3954365058386036,0.5052462236453434,3.9520966940170754,0.05145386387439505,-0.018088847642314804,0.0,481.9915454898015,482.86853227944664,481.58109160859897,480.8032127690643
2.0400000000000014,-1.088286630878284,0.19822174137522278,14.471703513607153,0.07803780156521523,0.07987464888984519,0.0,-1.4449459610463302,0.5502512988948105,3.9583913535730644,0.069703426066499,0.005312180653783444,0.0,422.6085901375187,424.62111111762675,423.16186808375943,424.7325551289155
2.1000000000000014,-1.1767098211140201,0.2328800810170837,14.712388542260666,0.0820340031813922,0.07993094421680524,0.0,-1.502503363094003,0.6054119596219671,4.063992319556651,0.05954697784241034,-0.009684491130979642,0.0,456.75626840412946,455.55860269358385,455.67104304998145,454.86150589954906
2.1600000000000015,-1.2683987529925393,0.27073117416422626,14.957024193362981,0.08531489010400062,0.08007803777949629,0.0,-1.5537939415993494,0.6565908259196088,4.090373132409061,0.04254626138096938,0.01958527382893725,0.0,430.45964051929246,432.929687333324,432.08945964769254,430.65575590923004
2.2200000000000015,-1.3633978940878575,0.3119441001749614,15.205965774780896,0.088117391715552,0.08121749721300997,0.0,-1.6129484720888903,0.7174070370712842,4.20716594645886,0.05394700488275576,0.017775210012830504,0.0,460.08133407937055,459.93792629043287,460.3783273012875,461.28078288821905
2.2800000000000016,-1.4619114819184145,0.3567975932670584,15.46113258592614,0.0913330183463863,0.08260292181497952,0.0,-1.6709535420516872,0.7779923225792384,4.29795906827304,0.05287807311961105,0.032027154405919134,0.0,453.0348791272695,454.1795194516837,453.40167154134207,453.3176085306988
2.3400000000000016,-1.5638184371408863,0.40521460664837633,15.72026879738036,0.09420061130801738,0.0844898670107952,0.0,-1.7261277935349983,0.8361647452038378,4.339656818901096,0.03494847066036687,0.030267363792547738,0.0,439.38617564017164,439.2406027101953,439.2556845810095,437.76749609159623
2.4000000000000017,-1.6690269961720383,0.4571167771840879,15.981325870107183,0.0966675554879961,0.08625971476413685,0.0,-1.780998993475111,0.8940932307520787,4.3620687534990585,0.051236519459523774,0.02791168503369107,0.0,433.14347944330274,432.945589731596,432.72163927007875,434.0916804864067
2.4600000000000017,-1.777655935094534,0.5126433225736963,16.244764311847216,0.10022766574750008,0.0878315224691022,0.0,-1.8401225556790808,0.9570746134090061,4.418880915715119,0.07195089606372415,0.022525782239476724,0.0,444.7308274433378,444.28955161803793,443.993278851707,445.6920818136157
2.520000000000002,-1.8896394157337448,0.5717593281305291,16.509030705614787,0.10403672008767018,0.0896562640247458,0.0,-1.8928272941945463,1.013800707004465,4.390004719330586,0.03547317860448851,0.042768480189537814,0.0,417.17923104484146,418.9436164053521,418.2301617097675,415.04335728989736
2.580000000000002,-2.0048386662463473,0.6343498516494559,16.771709715996447,0.1063801209803934,0.09213021607643412,0.0,-1.9473888601012974,1.0727270931306148,4.365952120357809,0.045400696844793254,0.03796961997327377,0.0,419.3018450139252,418.88569074172017,418.40187594891444,419.26625604885123
2.640000000000002,-2.12372716004872,0.7009384126605529,17.03688633979685,0.10931944643136493,0.09455252128178948,0.0,-2.0157857516481155,1.1471145903086932,4.472706107865056,0.05533947530502464,0.0447874682003774,0.0,461.52186071127744,462.0604899803203,459.83712751560626,460.6252343402551
2.700000000000002,-2.2466056922255793,0.7718527324339607,17.306662853200596,0.11277846338859288,0.09738485661925367,0.0,-2.0804293037232706,1.2169688405778527,4.519505937336767,0.06191026561630584,0.05164810257151185,0.0,443.22944424886595,443.79433245980385,443.1470862408302,443.6892371345557
2.760000000000002,-2.3737955630238905,0.847450110742754,17.582987610482274,0.11669155116756791,0.10017662098564717,0.0,-2.159518203236327,1.3032618986810347,4.690415144432278,0.07112353840332815,0.033573200230058484,0.0,483.11997013668184,481.75612716843216,481.49614517854855,482.1954833233962
2.820000000000002,-2.50543255488885,0.9278898478553738,17.865965136329482,0.12107283751865339,0.10184629512182752,0.0,-2.228563848879988,1.3784182002709224,4.741782550823961,0.07656818672688476,0.012713094244662368,0.0,448.85621942767716,447.16006656040565,446.87739038139154,447.3251374605788
2.880000000000002,-2.641339821517058,1.0130302713189951,18.152904361075645,0.12577911887523197,0.1025996917988401,0.0,-2.301748642705741,1.4599846781822667,4.822340907570468,0.08193547151450999,0.012241799408106857,0.0,458.6913004286939,458.65373959005154,456.11916560611826,456.5523889066812
2.940000000000002,-2.7817241968809934,1.1032322784835593,18.445255590048692,0.13074090714801745,0.10398875501615645,0.0,-2.377829287237717,1.5471625077440079,4.922064639496248,0.08417569263535853,0.039000863826457954,0.0,463.83384620263524,465.930926590049,464.0091928980494,464.19029195181594
3.000000000000002,-2.9269995031315377,1.1991180376588213,18.74624566923529,0.13595714348434385,0.10708956370895084,0.0,-2.464934918192828,1.6494628195606775,5.109813296982439,0.09195290203336665,0.069354187027292,0.0,490.933495163752,493.182134794155,491.58131399136386,492.1627799218894
3.0600000000000023,-3.077476719656026,1.301119431192102,19.057450572139995,0.14177945847856588,0.1118488480125217,0.0,-2.551404440435763,1.751055809323162,5.262635549428151,0.10564151714971044,0.0941305066602617,0.0,482.9246236620996,484.7944497615654,483.7268169728507,484.7638061608322
3.1200000000000023,-3.232957620660239,1.4089630939225954,19.375149194809353,0.14839286172223698,0.11717651980291155,0.0,-2.6318020311148618,1.84425825934543,5.326655973264117,0.11808869817733658,0.07511944161271937,0.0,459.74457278620525,458.24169707546156,459.30480356393196,460.30128917041714
3.1800000000000024,-3.393062443631305,1.5221379390283696,19.694090189176297,0.1555096890025469,0.12173329772910346,0.0,-2.705436940799504,1.9287927409980483,5.304491453525894,0.1196428394958292,0.07754984201916164,0.0,432.85957777283653,433.06880715562426,433.43648484433464,433.580135733309
3.2400000000000024,-3.557290834334328,1.6400174190396468,20.00861953933183,0.16230322929676522,0.1263640359085869,0.0,-2.769258649713705,2.0010447581210373,5.18012672318764,0.09558121864390225,0.07642717107526115,0.0,398.70732144803634,398.6101863110709,399.63098758233633,397.4438776218414
3.3000000000000025,-3.726285816275749,1.763414977020183,20.32232968553785,0.16759701778662084,0.13089579808605034,0.0,-2.864328360649501,2.1126181352315436,5.27602724434258,0.06648504609071001,0.07367154551332168,0.0,470.0530866542666,469.8435985985285,472.2964366357856,470.0522914533703
3.3600000000000025,-3.9010423603787405,1.8935428179068832,20.64142663124292,0.17144854580193503,0.13529145543595522,0.0,-2.9612944756796766,2.2252093155627692,5.359762639280397,0.05916169001109683,0.07242733716348347,0.0,468.3403461619025,468.2474143476578,469.10123219174807,468.53487757951854
3.4200000000000026,-4.081309083174389,2.0299832413822743,20.96259227587855,0.17526274788202567,0.13958542556723685,0.0,-3.047999200461865,2.323042630006284,5.345502536118137,0.07117941354989023,0.06978668233667776,0.0,438.66931595798434,438.45394903395743,439.25567876547586,440.25432088743565
3.4800000000000026,-4.266888018297303,2.172381398706012,21.28305057653012,0.17928557996828598,0.1440614013023529,0.0,-3.1383706771173867,2.423832698754861,5.336132270543241,0.057146403258849,0.0828076237941732,0.0,441.0980866327992,442.17663594289996,441.6225699136625,440.46665292777794
3.5400000000000027,-4.457405885633552,2.3201773295591637,21.599044156999554,0.18252937349784748,0.14893123433212008,0.0,-3.2126854244425247,2.502950267382708,5.197379800211742,0.04705003553802007,0.07765755990207654,0.0,397.4030913515022,396.9367971658861,398.47784427190186,397.5558719272567
3.6000000000000028,-4.65295223128095,2.47334359589218,21.90990078558325,0.18524517157233333,0.15323834749008025,0.0,-3.305954688153088,2.602739032607653,5.164330577538725,0.04142756035098635,0.056217603841743166,0.0,434.3408153359596,432.54257308012194,433.60226271907237,433.1308008158476
3.660000000000003,-4.854639515835377,2.633078625040211,22.221686079759984,0.18721427552209757,0.15655023658682676,0.0,-3.417264958173736,2.721808223333144,5.227839320339756,0.0038147069035130987,0.053077927154070455,0.0,464.88066268145167,464.6364341138861,466.3476698069319,463.40013379701077
3.720000000000003,-5.062268043330531,2.7990114649169335,22.53219399044424,0.18722424262169657,0.1596253038589568,0.0,-3.504047359177183,2.809277330262958,5.1227162073815435,-0.00836857414949671,0.047322913990020296,0.0,411.196893082632,410.68854013191014,410.6307291742255,409.5482715930026
3.780000000000003,-5.276295487237319,2.971476322590877,22.84326704353636,0.1865911386628527,0.1622244561653705,0.0,-3.6304362683731193,2.9392352448379526,5.2454696188549,-0.015320858319153014,0.033787628459918194,0.0,483.9402407087723,482.92102389809935,484.05616379705316,483.532736917132
3.840000000000003,-5.497968705966192,3.1516947520100476,23.161644221677204,0.1857788448194242,0.16393430963960665,0.0,-3.7588243986500536,3.0676961318212737,5.36620599985668,-0.010192236643215311,0.01496762811432363,0.0,485.9774254974411,484.56458144879133,484.1663707637346,484.5522778911103
3.900000000000003,-5.726167616991324,3.338213669924533,23.47995734277064,0.185207431297429,0.1648798804465157,0.0,-3.848059103827312,3.1495564105351055,5.244693810861763,-0.008218655394016701,0.01729795204446255,0.0,408.751238175313,408.9588391346005,407.4014107944657,407.5779968241076
3.960000000000003,-5.959817049560643,3.529684269355307,23.79133358096907,0.1848242649030558,0.16556324838224423,0.0,-3.940502178175787,3.232745299798037,5.13490158900588,-0.0029520386933537647,-0.004323081752760883,0.0,411.686484260981,409.76838173699986,411.53214407782565,411.9982735918353
4.020000000000002,-6.199464088616029,3.7265847147658206,24.09859363843967,0.18492209541094606,0.16541964723499802,0.0,-4.047836996428072,3.330499105798102,5.107058749630733,0.009503399236834853,0.001211140474982491,0.0,437.93785938287397,438.3980954319479,437.87255264961357,438.9077147130111
4.080000000000001,-6.4454244103055025,3.9291681426104046,24.403290028022077,0.18551653553307546,0.16547407627804667,0.0,-4.150995500549615,3.4222528570003616,5.049582457030813,0.010703214706684148,0.0002920807455789268,0.0,427.6915855723508,427.6132628248777,429.3021916535894,429.4038884106138
4.14,-6.697723951489362,4.137381891686457,24.705252438891346,0.18637458485084846,0.16511371001868014,0.0,-4.259113990849067,3.5181665827142132,5.0157963137481385,0.02066830264784152,-0.0232030644593784,0.0,436.5787731544887,434.61361047687353,436.44352524002636,437.27453440652494
4.199999999999998,-6.9569098984161375,4.35177140631253,25.007433143878092,0.1871587565035302,0.16365022214239655,0.0,-4.380368278094731,3.628079736893093,5.056483942578874,-0.009930478564744834,-0.026880675481593844,0.0,460.02268134424787,459.7312571763249,461.9896252600161,459.5700954857815
4.259999999999997,-7.2236009316313945,4.572999378597159,25.313408669863463,0.18634804003012473,0.16168258442786687,0.0,-4.509214399431342,3.7458897942550067,5.142106827654188,-0.021860770240478698,-0.04851961282050337,0.0,475.622159675809,473.96122403182073,475.7027878931382,474.788285120316
4.319999999999996,-7.4978174442376115,4.8010320927626475,25.62334783878252,0.18458774803212297,0.15970628096620043,0.0,-4.631224568836242,3.8548746044376316,5.188861874375515,-0.051718295416453175,-0.012558242339184065,0.0,462.81392275744906,465.63570051469907,465.3397691100097,462.9957310428583
4.379999999999995,-7.778773410048495,5.034874890867615,25.932534355391653,0.18145386108816908,0.15879170859455094,0.0,-4.734124765424996,3.9395641287474854,5.117675342485081,-0.053277631173394416,-0.02123997620476352,0.0,426.48749684691523,425.74522902062216,427.19998732012806,427.06508156385394
4.439999999999993,-8.06660263187634,5.274487965701501,26.241641899805135,0.1782485569591632,0.15717109305981314,0.0,-4.860146190011101,4.047004000354775,5.185487535575627,-0.05371140308025549,-0.04221493196463154,0.0,472.42152361293347,470.800902095065,469.79884951510144,469.76349944884123
4.499999999999992,-8.362056342663454,5.520526610023889,26.555219224839366,0.17516252203759475,0.15429602766480244,0.0,-4.988158335861639,4.153743636731387,5.266639706583738,-0.04723051020551772,-0.06287612380680252,0.0,475.73233606324027,474.14597472278365,475.9626898243097,476.45702451878924
4.559999999999991,-8.66494695435929,5.772632383744877,26.87226584308714,0.1724314581983002,0.15065665521437044,0.0,-5.1080300062458495,4.249353659663514,5.301422809652807,-0.04229609055244932,-0.05655157771024219,0.0,462.6483131734469,463.1436600101172,461.28114693701457,461.6696096862958
4.6199999999999894,-8.974722067342483,6.030076248773011,27.189561078050012,0.1696616197378331,0.1472522813506929,0.0,-5.217759947873444,4.331777185203098,5.275264633378464,-0.05530784410224343,-0.05711805682654603,0.0,442.9582005440653,442.90939009471055,443.84615650081037,442.77540555934144
4.679999999999988,-9.291657979126105,6.293061161917367,27.50923717238095,0.16605562516145334,0.14376201582339654,0.0,-5.346548252117214,4.433790443964324,5.380077696115951,-0.07200142508337208,-0.0603640639726071,0.0,483.6349566787372,483.3883062748382,483.9895907897931,482.7289347225218
4.739999999999987,-9.616510934261527,6.562306988049765,27.83670576941676,0.16169115043734195,0.14008808263253858,0.0,-5.48158798877183,4.540299186277122,5.534764969294564,-0.07426267507319725,-0.0630268333380629,0.0,500.098817465966,499.9025636890668,498.13956322238255,497.9706709499422
4.799999999999986,-9.948736064579307,6.8370211390705915,28.16858189416768,0.15707626168054123,0.136423814192149,0.0,-5.592520985316987,4.61631500006322,5.527948710927102,-0.08282693732259278,-0.05742311066166394,0.0,451.5754361207135,452.0247543616083,452.0304742464221,451.33500231293823
4.859999999999984,-10.287416786479534,7.115970392203152,28.49871123704339,0.15211973415932345,0.1328978363875981,0.0,-5.696861138947278,4.6815047223226385,5.4768121234545655,-0.08217630720710785,-0.061596625792471486,0.0,436.74969225397126,436.3988859784712,437.4619896454762,437.51051377825064
4.919999999999983,-10.632674693810458,7.39908655796385,28.828186333865652,0.14754535334869345,0.12937828554650554,0.0,-5.8116521110978265,4.755106497112902,5.505681285042143,-0.06643697779781846,-0.05335295110527723,0.0,461.07974930036056,461.72844350643885,461.17689006380255,462.41426127830846
4.979999999999982,-10.984879069519222,7.686586973168301,29.159944886503887,0.14351781152559706,0.12639930355754014,0.0,-5.928432715128212,4.827690712535334,5.552780607642122,-0.06853926582792988,-0.04311843517640268,0.0,467.1542830963942,467.95040349096666,467.1031731484813,466.93602905457413
5.0399999999999805,-11.343762788214725,7.977972080354126,29.492001476000976,0.13984241304800982,0.12388628972518134,0.0,-6.034442881358881,4.884731080306603,5.516087284705643,-0.049665626993261526,-0.039522258658818345,0.0,441.4605391480734,441.7562970747503,440.0843247596484,441.64134280929284
